0.00000 1.15000 1.15500 1.18300 1.01900 0.00000 0.99100 1.09400 1.15900 1.15400 0.00000
1.15000 1.10300 1.16400 0.37100 1.14000 0.00000 1.11500 0.36100 0.96400 0.37900 1.12600
1.15500 1.16400 1.08900 0.99200 1.06600 0.00000 1.04400 0.94900 0.91900 0.99900 1.10000
1.18300 0.37100 0.99200 0.98100 1.18300 0.00000 1.09200 0.94300 0.94300 0.35500 1.15000
1.01900 1.14000 1.06600 1.18300 0.00000 0.00000 0.00000 1.08600 1.02000 1.09200 1.05900
0.00000 0.00000 0.00000 0.00000 0.00000 0.00000 0.00000 0.00000 0.00000 0.00000 0.00000
0.99100 1.11500 1.04400 1.09200 0.00000 0.00000 0.00000 1.16400 1.03000 1.09700 1.07600
1.09400 0.36100 0.94900 0.94300 1.08600 0.00000 1.16400 0.95400 0.97800 0.36400 1.21200
1.15900 0.96400 0.91900 0.94300 1.02000 0.00000 1.03000 0.97800 1.01500 1.22300 1.21800
1.15400 0.37900 0.99900 0.35500 1.09200 0.00000 1.09700 0.36400 1.22300 1.01100 1.04800
0.00000 1.12600 1.10000 1.15000 1.05900 0.00000 1.07600 1.21200 1.21800 1.04800 0.00000
